
# Parameter values and bounds as reported in Gelfer (2019)
gelfer_means_sw_regular_estimation = Dict{Symbol, Vector{Real}}(
    :Ψ  => [0.345, 0.208, 0.497],
    :ιp => [0.261, 0.102, 0.493],
    :ιw => [0.223, 0.108, 0.356],
    :ξp => [0.838, 0.787, 0.885],
    :ξw => [0.853, 0.804, 0.888],
    :νl => [2.009, 1.307, 2.880],
    :σC => [1.678, 1.115, 2.316],
    :h  => [0.688, 0.552, 0.816],
    :φ  => [0.445, 0.201, 0.750],
    :Φ  => [5.348, 3.841, 6.898],
    :rπ1 => [2.161, 1.775, 2.556],
    :ry1 => [0.345, 0.238, 0.460],
    :rπ2 => [-0.222, -0.383, -0.063],
    :ry2 => [-0.084, -0.166, -0.005],
    :ρ   => [0.867, 0.835, 0.896],
    :ρa  => [0.911, 0.879, 0.939],
    :ρb  => [0.772, 0.654, 0.864],
    :ρG  => [0.974, 0.956, 0.987],
    :ρI  => [0.710, 0.593, 0.813],
    :ρp  => [0.827, 0.748, 0.890],
    :ρw  => [0.524, 0.381, 0.684],
    :σa  => [0.500, 0.442, 0.567],
    :σb  => [0.085, 0.056, 0.120],
    :σG  => [0.322, 0.287, 0.362],
    :σr  => [0.125, 0.110, 0.142],
    :σI  => [0.737, 0.603, 0.881],
    :σq  => [0.104, 0.039, 0.244],  
    :σp  => [0.061, 0.047, 0.078],
    :σw  => [0.048, 0.036, 0.060]
)

gelfer_means_sw_dfm_estimation = Dict{Symbol, Vector{Real}}(
    :Ψ  => [0.284, 0.155, 0.442],
    :ιp => [0.229, 0.093, 0.411],
    :ιw => [0.442, 0.210, 0.672],
    :ξp => [0.689, 0.609, 0.766],
    :ξw => [0.756, 0.634, 0.828],
    :νl => [1.363, 0.729, 2.225],
    :σC => [1.233, 0.710, 1.922],
    :h  => [0.910, 0.852, 0.954],
    :φ  => [0.128, 0.036, 0.254],
    :Φ  => [5.243, 4.560, 6.104],
    :rπ1 => [2.107, 1.744, 2.498],
    :ry1 => [0.206, 0.116, 0.291],
    :rπ2 => [-0.231, -0.383, -0.085],
    :ry2 => [-0.166, -0.238, -0.093],
    :ρ   => [0.831, 0.796, 0.860],
    :ρa  => [0.945, 0.901, 0.979],
    :ρb  => [0.755, 0.671, 0.821],
    :ρG  => [0.968, 0.949, 0.989],
    :ρI  => [0.848, 0.785, 0.906],
    :ρp  => [0.600, 0.418, 0.734],
    :ρw  => [0.588, 0.415, 0.886],
    :σa  => [0.209, 0.155, 0.277],
    :σb  => [0.036, 0.023, 0.053],
    :σG  => [0.292, 0.217, 0.353],
    :σr  => [0.119, 0.104, 0.139],
    :σI  => [0.263, 0.214, 0.317],
    :σq  => [0.583, 0.467, 0.713],  
    :σp  => [0.098, 0.075, 0.125],
    :σw  => [0.106, 0.070, 0.150]
)

gelfer_means_swff_regular_estimation = Dict{Symbol, Vector{Real}}(
    :Ψ  =>  [0.491, 0.414, 0.595],
    :ιp =>  [0.261, 0.099, 0.495],
    :ιw =>  [0.250, 0.128, 0.389],
    :ξp =>  [0.837, 0.783, 0.887],
    :ξw =>  [0.833, 0.759, 0.882],
    :νl =>  [1.782, 1.127, 2.545],
    :σC =>  [1.624, 1.057, 2.323],
    :h  =>  [0.672, 0.525, 0.806],
    :φ  =>  [0.467, 0.219, 0.760],   # steady state federal funds rate ($\bar r$)
    :Φ  =>  [2.716, 1.471, 4.138],   # Matches 'S' parameter in the table
    :χ  =>  [0.051, 0.044, 0.059],
    :rπ1 => [2.196, 1.832, 2.602],
    :ry1 => [0.336, 0.235, 0.443],
    :rπ2 => [-0.216, -0.383, -0.056],
    :ry2 => [-0.103, -0.179, -0.024],
    :ρ   => [0.853, 0.821, 0.883],
    :ρa  => [0.910, 0.877, 0.940],
    :ρb  => [0.755, 0.623, 0.863],
    :ρG  => [0.971, 0.951, 0.987],
    :ρI  => [0.664, 0.549, 0.766],
    :ρF  => [0.964, 0.932, 0.986],
    :ρp  => [0.826, 0.745, 0.891],
    :ρw  => [0.600, 0.432, 0.781],
    :σa  => [0.487, 0.431, 0.550],
    :σb  => [0.063, 0.016, 0.131],
    :σG  => [0.327, 0.290, 0.372],
    :σr  => [0.127, 0.111, 0.145],
    :σI  => [0.955, 0.801, 1.129],
    :σF  => [0.063, 0.056, 0.072],  # Added missing values
    :σp  => [0.061, 0.047, 0.078],  # Corrected first value and added missing values
    :σw  => [0.045, 0.033, 0.058],  # Corrected first value and added missing values
)

gelfer_means_swff_dfm_estimation = Dict{Symbol, Vector{Real}}(
    :Ψ  =>  [0.550, 0.471, 0.649],
    :ιp =>  [0.106, 0.040, 0.181],
    :ιw =>  [0.426, 0.240, 0.676],
    :ξp =>  [0.739, 0.708, 0.776],
    :ξw =>  [0.693, 0.654, 0.740],
    :νl =>  [1.244, 0.785, 1.849],
    :σC =>  [1.157, 0.725, 1.843],
    :h  =>  [0.921, 0.888, 0.951],  # Fixed second value and added third value
    :φ  =>  [0.176, 0.052, 0.380],  # Added missing values
    :Φ  =>  [3.267, 3.074, 3.394],  # Added missing values (matches S parameter in table)
    :χ  =>  [0.063, 0.057, 0.069],  # Added missing values
    :rπ1 => [1.539, 1.397, 1.706],  # Corrected first value and added missing values
    :ry1 => [0.131, 0.070, 0.209],  # Corrected first value and added missing values
    :rπ2 => [-0.403, -0.536, -0.289],  # Corrected first value and added missing values
    :ry2 => [-0.172, -0.252, -0.110],  # Corrected first value and added missing values
    :ρ   => [0.842, 0.810, 0.864],  # Corrected first value and added missing values
    :ρa  => [0.944, 0.928, 0.955],  # Corrected first value and added missing values
    :ρb  => [0.726, 0.673, 0.776],  # Corrected first value and added missing values
    :ρG  => [0.867, 0.838, 0.890],  # Corrected first value and added missing values
    :ρI  => [0.843, 0.765, 0.913],  # Corrected first value and added missing values
    :ρF  => [0.993, 0.985, 0.998],  # Corrected first value and added missing values
    :ρp  => [0.957, 0.941, 0.969],  # Corrected first value and added missing values
    :ρw  => [0.911, 0.853, 0.952],  # Corrected first value and added missing values
    :σa  => [0.428, 0.343, 0.500],  # Corrected first value and added missing values
    :σb  => [0.026, 0.019, 0.034],  # Corrected first value and added missing values
    :σG  => [0.230, 0.179, 0.289],  # Corrected first value and added missing values
    :σr  => [0.130, 0.119, 0.148],  # Corrected first value and added missing values
    :σI  => [0.241, 0.192, 0.308],  # Corrected first value and added missing values
    :σF  => [0.041, 0.035, 0.047],  # Added missing values
    :σp  => [0.066, 0.052, 0.081],  # Corrected first value and added missing values
    :σw  => [0.059, 0.051, 0.065],  # Corrected first value and added missing values
)


# Prior functions for SW parameter values
# Note upper and lower bounds in the priors
prior_θ(m::Val{:SW}, p::Val{:Ψ},    v=0.2)   = MacroModelling.Beta(v, 0.08, 0.01, 0.99999, μσ = true)
prior_θ(m::Val{:SW}, p::Val{:ιp},   v=0.5)   = MacroModelling.Beta(v, 0.15, 0.01, 0.99, μσ = true)
prior_θ(m::Val{:SW}, p::Val{:ιw},   v=0.5)   = MacroModelling.Beta(v, 0.15, 0.01, 0.99, μσ = true)
prior_θ(m::Val{:SW}, p::Val{:ξp},   v=0.6)   = MacroModelling.Beta(v, 0.05, 0.5, 0.95, μσ = true)
prior_θ(m::Val{:SW}, p::Val{:ξw},   v=0.6)   = MacroModelling.Beta(v, 0.05, 0.4, 0.95, μσ = true)
prior_θ(m::Val{:SW}, p::Val{:νl},   v=1.4)   = MacroModelling.Gamma(v, 0.45, 0.25, 10.0, μσ = true)
prior_θ(m::Val{:SW}, p::Val{:σC},   v=1.2)   = MacroModelling.Gamma(v,0.45, 0.25, 3.0, μσ = true)
prior_θ(m::Val{:SW}, p::Val{:h},    v=0.7)   = MacroModelling.Beta(v, 0.1, 0.001, 0.99, μσ = true)
prior_θ(m::Val{:SW}, p::Val{:φ},    v=0.5)   = MacroModelling.Gamma(v, 0.3, 0.1, 3.0, μσ = true)
prior_θ(m::Val{:SW}, p::Val{:Φ},    v=5.0)   = MacroModelling.Normal(v, 1,   2.0, 15.0)
prior_θ(m::Val{:SW}, p::Val{:rπ1},  v=2)     = MacroModelling.Gamma(v, 0.33, 1.0, 3.0, μσ = true)
prior_θ(m::Val{:SW}, p::Val{:ry1},  v=0.2)   = MacroModelling.Gamma(v, 0.1, 0.001, 0.5, μσ = true)
prior_θ(m::Val{:SW}, p::Val{:rπ2},  v=-0.3)  = MacroModelling.Normal(v, 0.10, -0.975, 0.975)
prior_θ(m::Val{:SW}, p::Val{:ry2},  v=-0.06) = MacroModelling.Normal(v, 0.05, -0.5, 0.5)
prior_θ(m::Val{:SW}, p::Val{:ρ},    v=0.7)   = MacroModelling.Beta(v, 0.1, 0.01, 0.9999, μσ = true)
prior_θ(m::Val{:SW}, p::Val{:ρa},   v=0.8)   = MacroModelling.Beta(v, 0.1, 0.01, 0.9999, μσ = true)
prior_θ(m::Val{:SW}, p::Val{:ρb},   v=0.8)   = MacroModelling.Beta(v, 0.1, 0.01, 0.9999, μσ = true)
prior_θ(m::Val{:SW}, p::Val{:ρG},   v=0.8)   = MacroModelling.Beta(v, 0.1, 0.01, 0.9999, μσ = true)
prior_θ(m::Val{:SW}, p::Val{:ρI},   v=0.8)   = MacroModelling.Beta(v, 0.1, 0.01, 0.9999, μσ = true)
prior_θ(m::Val{:SW}, p::Val{:ρp},   v=0.5)   = MacroModelling.Beta(v, 0.1, 0.01, 0.9999, μσ = true)
prior_θ(m::Val{:SW}, p::Val{:ρw},   v=0.5)   = MacroModelling.Beta(v, 0.1, 0.001,0.9999, μσ = true)
prior_θ(m::Val{:SW}, p::Val{:σa},   v=0.1)   = MacroModelling.InverseGamma(v, 2.0, 0.01, 3.0, μσ = true)
prior_θ(m::Val{:SW}, p::Val{:σb},   v=0.1)   = MacroModelling.InverseGamma(v, 2.0, 0.01, 3.0, μσ = true)
prior_θ(m::Val{:SW}, p::Val{:σG},   v=0.1)   = MacroModelling.InverseGamma(v, 2.0, 0.01, 3.0, μσ = true)
prior_θ(m::Val{:SW}, p::Val{:σr},   v=0.1)   = MacroModelling.InverseGamma(v, 2.0, 0.01, 3.0, μσ = true)
prior_θ(m::Val{:SW}, p::Val{:σI},   v=0.1)   = MacroModelling.InverseGamma(v, 2.0, 0.01, 3.0, μσ = true)
prior_θ(m::Val{:SW}, p::Val{:σq},   v=0.1)   = MacroModelling.InverseGamma(v, 2.0, 0.01, 3.0, μσ = true)
prior_θ(m::Val{:SW}, p::Val{:σp},   v=0.1)   = MacroModelling.InverseGamma(v, 2.0, 0.01, 3.0, μσ = true)
prior_θ(m::Val{:SW}, p::Val{:σw},   v=0.1)   = MacroModelling.InverseGamma(v, 2.0, 0.01, 3.0, μσ = true)

# Constraining functions for SW parameter values. Draws outside of these bounds will be automatically rejected
clamp_θ(m::Val{:SW}, p::Val{:Ψ},   v::Real) = v
clamp_θ(m::Val{:SW}, p::Val{:ιp},  v::Real) = min(max(0.0+eps()+0.01, v),1.0-eps()-0.01)
clamp_θ(m::Val{:SW}, p::Val{:ιw},  v::Real) = min(max(0.0+eps()+0.01, v),1.0-eps()-0.01)
clamp_θ(m::Val{:SW}, p::Val{:ξp},  v::Real) = v
clamp_θ(m::Val{:SW}, p::Val{:ξw},  v::Real) = v
clamp_θ(m::Val{:SW}, p::Val{:νl},  v::Real) = v
clamp_θ(m::Val{:SW}, p::Val{:σC},  v::Real) = v
clamp_θ(m::Val{:SW}, p::Val{:h},   v::Real) = min(max(0.0+eps()+0.05, v),1.0-eps()-0.05)
clamp_θ(m::Val{:SW}, p::Val{:φ},   v::Real) = v  
clamp_θ(m::Val{:SW}, p::Val{:Φ},   v::Real) = v
clamp_θ(m::Val{:SW}, p::Val{:rπ1}, v::Real) = v
clamp_θ(m::Val{:SW}, p::Val{:ry1}, v::Real) = v
clamp_θ(m::Val{:SW}, p::Val{:rπ2}, v::Real) = v
clamp_θ(m::Val{:SW}, p::Val{:ry2}, v::Real) = v
clamp_θ(m::Val{:SW}, p::Val{:ρ},   v::Real) = min(max(0.0+eps()+0.01, v),1.0-eps()-0.01) 
clamp_θ(m::Val{:SW}, p::Val{:ρa},  v::Real) = min(max(0.0+eps()+0.01, v),1.0-eps()-0.01) 
clamp_θ(m::Val{:SW}, p::Val{:ρb},  v::Real) = min(max(0.0+eps()+0.01, v),1.0-eps()-0.01)
clamp_θ(m::Val{:SW}, p::Val{:ρG},  v::Real) = min(max(0.0+eps()+0.01, v),1.0-eps()-0.01)
clamp_θ(m::Val{:SW}, p::Val{:ρI},  v::Real) = min(max(0.0+eps()+0.01, v),1.0-eps()-0.01)
clamp_θ(m::Val{:SW}, p::Val{:ρp},  v::Real) = min(max(0.0+eps()+0.01, v),1.0-eps()-0.01)
clamp_θ(m::Val{:SW}, p::Val{:ρw},  v::Real) = min(max(0.0+eps()+0.01, v),1.0-eps()-0.01)
clamp_θ(m::Val{:SW}, p::Val{:σa},  v::Real) = max(0.0+eps()+0.001, v) 
clamp_θ(m::Val{:SW}, p::Val{:σb},  v::Real) = max(0.0+eps()+0.001, v) 
clamp_θ(m::Val{:SW}, p::Val{:σG},  v::Real) = max(0.0+eps()+0.001, v) 
clamp_θ(m::Val{:SW}, p::Val{:σr},  v::Real) = max(0.0+eps()+0.001, v) 
clamp_θ(m::Val{:SW}, p::Val{:σI},  v::Real) = max(0.0+eps()+0.001, v) 
clamp_θ(m::Val{:SW}, p::Val{:σq},  v::Real) = max(0.0+eps()+0.001, v) 
clamp_θ(m::Val{:SW}, p::Val{:σp},  v::Real) = max(0.0+eps()+0.001, v) 
clamp_θ(m::Val{:SW}, p::Val{:σw},  v::Real) = max(0.0+eps()+0.001, v) 

# Prior functions for SWFF parameter values
# Note upper and lower bounds in the priors
prior_θ(m::Val{:SWFF}, p::Val{:Ψ},   v=0.2)   = MacroModelling.Beta(v, 0.08, 0.01, 0.99999, μσ = true)
prior_θ(m::Val{:SWFF}, p::Val{:ιp},  v=0.5)   = MacroModelling.Beta(v, 0.15, 0.01, 0.99, μσ = true)
prior_θ(m::Val{:SWFF}, p::Val{:ιw},  v=0.5)   = MacroModelling.Beta(v, 0.15, 0.01, 0.99, μσ = true)
prior_θ(m::Val{:SWFF}, p::Val{:ξp},  v=0.6)   = MacroModelling.Beta(v, 0.05, 0.5, 0.95, μσ = true)
prior_θ(m::Val{:SWFF}, p::Val{:ξw},  v=0.6)   = MacroModelling.Beta(v, 0.05, 0.4, 0.95, μσ = true)
prior_θ(m::Val{:SWFF}, p::Val{:νl},  v=1.4)   = MacroModelling.Gamma(v, 0.45, 0.25, 10.0, μσ = true)       
prior_θ(m::Val{:SWFF}, p::Val{:σC},  v=1.2)   = MacroModelling.Gamma(v,0.45, 0.25, 3.0, μσ = true)         
prior_θ(m::Val{:SWFF}, p::Val{:h},   v=0.7)   = MacroModelling.Beta(v, 0.1, 0.001, 0.99, μσ = true)        
prior_θ(m::Val{:SWFF}, p::Val{:φ},   v=0.5)   = MacroModelling.Gamma(v, 0.3, 0.1, 3.0, μσ = true)          
prior_θ(m::Val{:SWFF}, p::Val{:Φ},   v=5.0)   = MacroModelling.Normal(v, 1,   2.0, 15.0)                   
prior_θ(m::Val{:SWFF}, p::Val{:rπ1}, v=2)     = MacroModelling.Gamma(v, 0.33, 1.0, 3.0, μσ = true)         
prior_θ(m::Val{:SWFF}, p::Val{:ry1}, v=0.2)   = MacroModelling.Gamma(v, 0.1, 0.001, 0.5, μσ = true)        
prior_θ(m::Val{:SWFF}, p::Val{:rπ2}, v=-0.3)  = MacroModelling.Normal(v, 0.10, -0.975, 0.975)            
prior_θ(m::Val{:SWFF}, p::Val{:ry2}, v=-0.06) = MacroModelling.Normal(v, 0.05, -0.5, 0.5)               
prior_θ(m::Val{:SWFF}, p::Val{:ρ},   v=0.7)   =  MacroModelling.Beta(v, 0.1, 0.01, 0.9999, μσ = true)       
prior_θ(m::Val{:SWFF}, p::Val{:ρa},  v=0.8)   = MacroModelling.Beta(v, 0.1, 0.01, 0.9999, μσ = true)       
prior_θ(m::Val{:SWFF}, p::Val{:ρb},  v=0.8)   = MacroModelling.Beta(v, 0.1, 0.01, 0.9999, μσ = true)       
prior_θ(m::Val{:SWFF}, p::Val{:ρG},  v=0.8)   = MacroModelling.Beta(v, 0.1, 0.01, 0.9999, μσ = true)       
prior_θ(m::Val{:SWFF}, p::Val{:ρI},  v=0.8)   = MacroModelling.Beta(v, 0.1, 0.01, 0.9999, μσ = true)       
prior_θ(m::Val{:SWFF}, p::Val{:ρF},  v=0.8)   = MacroModelling.Beta(v, 0.1, 0.001,0.9999, μσ = true)       
prior_θ(m::Val{:SWFF}, p::Val{:ρp},  v=0.5)   = MacroModelling.Beta(v, 0.1, 0.01, 0.9999, μσ = true)       
prior_θ(m::Val{:SWFF}, p::Val{:ρw},  v=0.5)   = MacroModelling.Beta(v, 0.1, 0.001,0.9999, μσ = true)       
prior_θ(m::Val{:SWFF}, p::Val{:σa},  v=0.1)   = MacroModelling.InverseGamma(v, 2.0, 0.01, 3.0, μσ = true)  
prior_θ(m::Val{:SWFF}, p::Val{:σb},  v=0.1)   = MacroModelling.InverseGamma(v, 2.0, 0.01, 3.0, μσ = true)  
prior_θ(m::Val{:SWFF}, p::Val{:σG},  v=0.1)   = MacroModelling.InverseGamma(v, 2.0, 0.01, 3.0, μσ = true)  
prior_θ(m::Val{:SWFF}, p::Val{:σr},  v=0.1)   = MacroModelling.InverseGamma(v, 2.0, 0.01, 3.0, μσ = true)  
prior_θ(m::Val{:SWFF}, p::Val{:σI},  v=0.1)   = MacroModelling.InverseGamma(v, 2.0, 0.01, 3.0, μσ = true)  
prior_θ(m::Val{:SWFF}, p::Val{:σF},  v=0.1)   = MacroModelling.InverseGamma(v, 2.0, 0.01, 3.0, μσ = true)  
prior_θ(m::Val{:SWFF}, p::Val{:σp},  v=0.1)   = MacroModelling.InverseGamma(v, 2.0, 0.01, 3.0, μσ = true)  
prior_θ(m::Val{:SWFF}, p::Val{:σw},  v=0.1)   = MacroModelling.InverseGamma(v, 2.0, 0.01, 3.0, μσ = true)  
prior_θ(m::Val{:SWFF}, p::Val{:χ},   v=0.05)  = MacroModelling.Beta(v, 0.005, 0.01, 0.9999, μσ = true)   

# Constraining functions for SWFF parameter values. Draws outside of these bounds will be automatically rejected
clamp_θ(m::Val{:SWFF}, p::Val{:Ψ},   v::Real) = v
clamp_θ(m::Val{:SWFF}, p::Val{:ιp},  v::Real) = min(max(0.0+eps()+0.01, v),1.0-eps()-0.01)
clamp_θ(m::Val{:SWFF}, p::Val{:ιw},  v::Real) = min(max(0.0+eps()+0.01, v),1.0-eps()-0.01)
clamp_θ(m::Val{:SWFF}, p::Val{:ξp},  v::Real) = v
clamp_θ(m::Val{:SWFF}, p::Val{:ξw},  v::Real) = v
clamp_θ(m::Val{:SWFF}, p::Val{:νl},  v::Real) = v
clamp_θ(m::Val{:SWFF}, p::Val{:σC},  v::Real) = v
clamp_θ(m::Val{:SWFF}, p::Val{:h},   v::Real) = min(max(0.0+eps()+0.01, v),1.0-eps()-0.01)
clamp_θ(m::Val{:SWFF}, p::Val{:φ},   v::Real) = v  
clamp_θ(m::Val{:SWFF}, p::Val{:Φ},   v::Real) = v
clamp_θ(m::Val{:SWFF}, p::Val{:rπ1}, v::Real) = v
clamp_θ(m::Val{:SWFF}, p::Val{:ry1}, v::Real) = v
clamp_θ(m::Val{:SWFF}, p::Val{:rπ2}, v::Real) = v
clamp_θ(m::Val{:SWFF}, p::Val{:ry2}, v::Real) = v
clamp_θ(m::Val{:SWFF}, p::Val{:ρ},   v::Real) = min(max(0.0+eps()+0.01, v),1.0-eps()-0.01) 
clamp_θ(m::Val{:SWFF}, p::Val{:ρa},  v::Real) = min(max(0.0+eps()+0.01, v),1.0-eps()-0.01)
clamp_θ(m::Val{:SWFF}, p::Val{:ρb},  v::Real) = min(max(0.0+eps()+0.01, v),1.0-eps()-0.01)
clamp_θ(m::Val{:SWFF}, p::Val{:ρG},  v::Real) = min(max(0.0+eps()+0.01, v),1.0-eps()-0.01)
clamp_θ(m::Val{:SWFF}, p::Val{:ρI},  v::Real) = min(max(0.0+eps()+0.01, v),1.0-eps()-0.01)
clamp_θ(m::Val{:SWFF}, p::Val{:ρp},  v::Real) = min(max(0.0+eps()+0.01, v),1.0-eps()-0.01) 
clamp_θ(m::Val{:SWFF}, p::Val{:ρw},  v::Real) = min(max(0.0+eps()+0.01, v),1.0-eps()-0.01)
clamp_θ(m::Val{:SWFF}, p::Val{:ρF},  v::Real) = min(max(0.0+eps()+0.01, v),1.0-eps()-0.01)
clamp_θ(m::Val{:SWFF}, p::Val{:χ},   v::Real) = v
clamp_θ(m::Val{:SWFF}, p::Val{:σa},  v::Real) = max(0.0+eps()+0.001, v) 
clamp_θ(m::Val{:SWFF}, p::Val{:σb},  v::Real) = max(0.0+eps()+0.001, v) 
clamp_θ(m::Val{:SWFF}, p::Val{:σG},  v::Real) = max(0.0+eps()+0.001, v) 
clamp_θ(m::Val{:SWFF}, p::Val{:σr},  v::Real) = max(0.0+eps()+0.001, v) 
clamp_θ(m::Val{:SWFF}, p::Val{:σI},  v::Real) = max(0.0+eps()+0.001, v) 
clamp_θ(m::Val{:SWFF}, p::Val{:σF},  v::Real) = max(0.0+eps()+0.001, v) 
clamp_θ(m::Val{:SWFF}, p::Val{:σp},  v::Real) = max(0.0+eps()+0.001, v) 
clamp_θ(m::Val{:SWFF}, p::Val{:σw},  v::Real) = max(0.0+eps()+0.001, v)



get_hessian_dfm(m::MacroModelling.ℳ) = get_hessian_dfm(Val(Symbol(m.model_name)))
get_hessian_reg(m::MacroModelling.ℳ) = get_hessian_reg(Val(Symbol(m.model_name)))


function get_hessian_reg(::Val{:SW})
    H = [76.44800441994448 -22.73688891364145 -8.165620292857056 -6.889160013088258 83.30996053700801 2.252637132187374 -3.7324775075830985 -10.885548672376899 59.87181451928336 -0.4488367085286882 -18.420852848066716 66.17830162213068 -17.658564083831152 71.12142677215161 104.94048774489784 0.08089426046353765 -36.243017439119285 -77.54868434858508 -63.62046924550668 -66.03199528399273 -2.8340092103462666 -43.019161621487 -6.311438410193659 91.71977135338238 4.679100675275549 -20.0917900474451 -0.011799038475146517 -214.19522094220156 -28.1744817038998 0.0 0.0 0.0 0.0 0.0 0.0; -22.73688891364145 30.854853757773526 -4.783215426868992 678.1929024691635 22.417473919631448 -2.047305133601185 1.9336312652740162 -5.316541682987008 165.227359830169 -0.023378870537271723 1.5064471699588466 -6.214902623469243 2.3926657377160154 -14.860206556477351 -43.546810738916975 -360.39459591847844 9.832108353293734 114.86553406939493 19.686096402438125 272.9446962075599 5.339368181012105 -17.229815766768297 -11.399619943404105 2.4441273126285523 1.9150859588989988 -0.2557992593210656 -0.0023274515115190297 911.5635781199671 14.31568856787635 0.0 0.0 0.0 0.0 0.0 0.0; -8.165620292857056 -4.783215426868992 42.720459150586976 -13.583394957095152 48.43520617214381 -3.0063457234064117 2.4934791326813865 -0.42026027585961856 20.636203371395823 0.046870773076079786 -2.122682344634086 34.616958582773805 -2.193038926634472 33.94377366930712 -87.61351753491908 -32.16699537006207 19.33733206897159 60.5304953387531 8.005794170458103 48.923784379439894 154.13310786243528 3.1949756885296665 -1.2832421089115087 1.522674792795442 11.84033751997049 -0.8959045953815803 -0.0011216434359084815 141.90284407959552 639.3365481198998 0.0 0.0 0.0 0.0 0.0 0.0; -6.889160013088258 678.1929024691635 -13.583394957095152 5945.736284538725 -254.89308605756378 -2.840363795257872 28.180668705317657 108.53286528799799 1677.827062594588 -0.7850180736568291 94.57809870582423 -410.86326709773857 92.31127869497868 -442.9421032000391 -439.1368657161365 -2578.962520328787 247.9530541859276 598.0818722855474 148.26861408437253 3528.4242457964865 7.406482509395573 -181.39734516807948 213.75750042352593 0.6174789996293839 -22.76451839861693 -6.706071926600998 -0.023491738829761744 10184.106443066412 -111.7009375411726 0.0 0.0 0.0 0.0 0.0 0.0; 83.30996053700801 22.417473919631448 48.43520617214381 -254.89308605756378 2341.824720861041 36.24395154474769 -49.20911615045043 -171.38887033070205 116.07617374465917 1.18250589366653 47.31623297629994 6.379882179317065 32.81381559645524 67.09326156851603 -1047.9114748704887 322.20209524894017 26.916921578958863 -2504.5801650412614 5.745140224462375 -25.837214161583688 1032.5627412385074 -24.147524491127115 37.29203326656716 13.442771796690067 145.21602857712423 19.641712078737328 -0.012134005373809487 56.390057725366205 4759.6638299000915 0.0 0.0 0.0 0.0 0.0 0.0; 2.252637132187374 -2.047305133601185 -3.0063457234064117 -2.840363795257872 36.24395154474769 0.5460946340463124 -1.8723759239946958 -5.725982191506773 -12.957606340933125 -0.1481014805904124 -3.0369740852620453 7.311535046028439 -2.9069523770886008 9.298365966969868 29.936997907498153 23.370613962470088 -6.456789360527182 -70.79227141730371 -7.010410790826427 -5.66629631066462 -1.490783233748516 -0.10451914931763895 -1.7272093282372225 -0.11313277354929596 5.639566388708772 -0.7382730109384283 -0.0002830711309798062 -24.054501809587236 -5.827278491778998 0.0 0.0 0.0 0.0 0.0 0.0; -3.7324775075830985 1.9336312652740162 2.4934791326813865 28.180668705317657 -49.20911615045043 -1.8723759239946958 18.201109778601676 76.24834648595424 12.126017245464027 -0.21176898371777497 5.491118899954017 -25.1008995292068 5.040097876189975 -34.02432839720859 -83.51409327588044 -65.98259642487392 157.79476481839083 187.83312474624836 -27.564984193304554 22.07015359090292 0.47578498197253793 -3.684582970890915 260.23427984910086 -0.6443157326430082 -5.044164900027681 -5.986880678392481 -0.0037846075429115444 37.38727580639534 7.7454865277104545 0.0 0.0 0.0 0.0 0.0 0.0; -10.885548672376899 -5.316541682987008 -0.42026027585961856 108.53286528799799 -171.38887033070205 -5.725982191506773 76.24834648595424 528.9826225634897 -44.06858495713095 -0.9606327876099385 16.98675054285559 -131.21621361278812 14.230505221348722 -179.5470967044821 -365.33777420117985 -95.76139154887642 1288.7319227411353 1292.5839839226683 -177.32657164742704 98.03662607737351 -26.339820469729602 -20.49891307251528 2029.8362302855821 -2.7090489311376587 14.212136720743729 16.72002108534798 0.020871466404059902 74.72419478290249 -142.6789563811326 0.0 0.0 0.0 0.0 0.0 0.0; 59.87181451928336 165.227359830169 20.636203371395823 1677.827062594588 116.07617374465917 -12.957606340933125 12.126017245464027 -44.06858495713095 9048.926713057881 3.20998451570631 41.245683296438074 -0.4176925722276792 37.86725092140841 -15.483782553928904 -617.0773167104926 1481.7266312638822 67.21391629980644 770.1114223891636 55.20938437257428 924.4172568651265 179.28662020494812 3035.9685924486257 -102.43722606901429 7.317068229895085 -81.35483541991562 25.033954916580115 0.011158008419442922 2366.3320860941894 844.5317976838851 0.0 0.0 0.0 0.0 0.0 0.0; -0.4488367085286882 -0.023378870537271723 0.046870773076079786 -0.7850180736568291 1.18250589366653 -0.1481014805904124 -0.21176898371777497 -0.9606327876099385 3.20998451570631 0.9809386756387539 0.3900796582456678 -3.8805024632893037 0.3045469202334061 -4.646295892598573 -8.350845437234966 -3.300942280475283 -7.462647190550342 6.146507876110263 17.613607124076225 0.5297547068039421 0.8656637328385841 0.06864658644190058 -8.007945762074087 4.909934377792524 0.19150425941916183 14.32742239558138 0.017095608200179413 0.3238483259337954 4.719487897091312 0.0 0.0 0.0 0.0 0.0 0.0; -18.420852848066716 1.5064471699588466 -2.122682344634086 94.57809870582423 47.31623297629994 -3.0369740852620453 5.491118899954017 16.98675054285559 41.245683296438074 0.3900796582456678 11.055783143092413 7.9903746882337146 10.066511276818346 2.525098552723648 -35.3869043647137 -219.28132422544877 29.636256895173574 106.85253479095991 7.418382720061345 51.48615337020601 10.514182922634063 -5.228294630796881 48.29303697988507 1.5952104149619117 57.451507746009156 5.824312574986834 0.0038118560041766614 77.78148350553238 35.01191788018332 0.0 0.0 0.0 0.0 0.0 0.0; 66.17830162213068 -6.214902623469243 34.616958582773805 -410.86326709773857 6.379882179317065 7.311535046028439 -25.1008995292068 -131.21621361278812 -0.4176925722276792 -3.8805024632893037 7.9903746882337146 1071.69674069155 7.191542536020279 1024.9704303350882 -3114.599128039117 637.8041557400138 -271.7706253497454 -363.07398995631956 47.2208659084572 -149.69207251851913 130.39418159678462 44.36252736923052 -676.2596278531419 27.001863909390522 -2301.764991880191 -143.72182113220333 -0.10072204531752504 -176.2346285431704 638.0484763940331 0.0 0.0 0.0 0.0 0.0 0.0; -17.658564083831152 2.3926657377160154 -2.193038926634472 92.31127869497868 32.81381559645524 -2.9069523770886008 5.040097876189975 14.230505221348722 37.86725092140841 0.3045469202334061 10.066511276818346 7.191542536020279 11.176215448358562 2.128886044374667 -1.816038911783835 -211.13117083586985 25.165743554680375 99.42111495547579 6.772285178158199 45.36222193564754 6.962735315028112 -5.294642669468885 41.82389844572754 1.643897976464359 66.03175630516489 4.958544777764473 0.003406094037927687 56.70674070643145 9.885630952339852 0.0 0.0 0.0 0.0 0.0 0.0; 71.12142677215161 -14.860206556477351 33.94377366930712 -442.9421032000391 67.09326156851603 9.298365966969868 -34.02432839720859 -179.5470967044821 -15.483782553928904 -4.646295892598573 2.525098552723648 1024.9704303350882 2.128886044374667 1021.4373819690081 -3089.437864091451 665.5768381278904 -342.6420561117993 -493.85538972273935 16.827036488393787 -157.8842874187103 140.05917595568462 45.77691768645309 -760.4394623558619 20.320809435361298 -2453.7565916762105 -144.42069064898533 -0.0964590253715869 -228.59055359731428 673.1282369401015 0.0 0.0 0.0 0.0 0.0 0.0; 104.94048774489784 -43.546810738916975 -87.61351753491908 -439.1368657161365 -1047.9114748704887 29.936997907498153 -83.51409327588044 -365.33777420117985 -617.0773167104926 -8.350845437234966 -35.3869043647137 -3114.599128039117 -1.816038911783835 -3089.437864091451 8889.321260339784 1079.2427479827893 -609.9670922230871 -1424.8363663318742 -311.18275208427804 -386.2709942586662 -754.2471348642721 -0.36922401704941876 -476.1958274139033 -71.09988291631453 4095.9939308413595 35.532551428332226 0.055895598052302375 -985.4608048954105 -3501.5993730849004 0.0 0.0 0.0 0.0 0.0 0.0; 0.08089426046353765 -360.39459591847844 -32.16699537006207 -2578.962520328787 322.20209524894017 23.370613962470088 -65.98259642487392 -95.76139154887642 1481.7266312638822 -3.300942280475283 -219.28132422544877 637.8041557400138 -211.13117083586985 665.5768381278904 1079.2427479827893 7355.267563361849 -209.41415925335605 -960.4827055954956 -151.30671012229868 -1327.2179846353538 -159.0272177963925 980.400008156721 -48.58489732214366 -1.7243312868231442 103.25963632567436 12.020466238027439 0.016621906979708 -3997.51821792961 -691.217538278579 0.0 0.0 0.0 0.0 0.0 0.0; -36.243017439119285 9.832108353293734 19.33733206897159 247.9530541859276 26.916921578958863 -6.456789360527182 157.79476481839083 1288.7319227411353 67.21391629980644 -7.462647190550342 29.636256895173574 -271.7706253497454 25.165743554680375 -342.6420561117993 -609.9670922230871 -209.41415925335605 3597.785236470372 2783.437644757214 -253.55220439450932 197.71755856709206 134.83704917234718 -28.684007138508605 6992.889909597579 35.75483029635507 25.270339283451904 -15.893362342467299 -0.010070216376334429 230.136176051019 579.0064263237582 0.0 0.0 0.0 0.0 0.0 0.0; -77.54868434858508 114.86553406939493 60.5304953387531 598.0818722855474 -2504.5801650412614 -70.79227141730371 187.83312474624836 1292.5839839226683 770.1114223891636 6.146507876110263 106.85253479095991 -363.07398995631956 99.42111495547579 -493.85538972273935 -1424.8363663318742 -960.4827055954956 2783.437644757214 4420.000241807429 -120.17671613648417 527.7967563051789 -370.12598799265106 122.20306911331136 3446.5936475135095 196.23552609118633 -167.72148796007968 -32.88832716862089 0.012241143849678338 1130.0809261774702 -1365.0153993330605 0.0 0.0 0.0 0.0 0.0 0.0; -63.62046924550668 19.686096402438125 8.005794170458103 148.26861408437253 5.745140224462375 -7.010410790826427 -27.564984193304554 -177.32657164742704 55.20938437257428 17.613607124076225 7.418382720061345 47.2208659084572 6.772285178158199 16.827036488393787 -311.18275208427804 -151.30671012229868 -253.55220439450932 -120.17671613648417 737.4557147704763 32.55108995290357 30.258221977419453 3.6794435982301366 -288.6301012040349 -16.032406674639788 19.752132557186997 386.08154174653464 0.18690288925427012 207.0627114881063 175.4094755233382 0.0 0.0 0.0 0.0 0.0 0.0; -66.03199528399273 272.9446962075599 48.923784379439894 3528.4242457964865 -25.837214161583688 -5.66629631066462 22.07015359090292 98.03662607737351 924.4172568651265 0.5297547068039421 51.48615337020601 -149.69207251851913 45.36222193564754 -157.8842874187103 -386.2709942586662 -1327.2179846353538 197.71755856709206 527.7967563051789 32.55108995290357 1877.038013026322 -16.588130820309743 -40.775181205390254 243.35656884431955 2.603691718832124 -37.930295038677286 -5.654321048496058 -0.002646429493324831 5166.460754062427 -263.44276397139765 0.0 0.0 0.0 0.0 0.0 0.0; -2.8340092103462666 5.339368181012105 154.13310786243528 7.406482509395573 1032.5627412385074 -1.490783233748516 0.47578498197253793 -26.339820469729602 179.28662020494812 0.8656637328385841 10.514182922634063 130.39418159678462 6.962735315028112 140.05917595568462 -754.2471348642721 -159.0272177963925 134.83704917234718 -370.12598799265106 30.258221977419453 -16.588130820309743 1059.8650568863377 -3.657736760942498 8.497065591654973 -2.3307720402954146 67.77552138373721 -0.7211270894913469 -0.0030190494726412 -20.077910867257742 6108.709627187636 0.0 0.0 0.0 0.0 0.0 0.0; -43.019161621487 -17.229815766768297 3.1949756885296665 -181.39734516807948 -24.147524491127115 -0.10451914931763895 -3.684582970890915 -20.49891307251528 3035.9685924486257 0.06864658644190058 -5.228294630796881 44.36252736923052 -5.294642669468885 45.77691768645309 -0.36922401704941876 980.400008156721 -28.684007138508605 122.20306911331136 3.6794435982301366 -40.775181205390254 -3.657736760942498 2913.3412404007686 -134.2466912137752 -3.3779793557187077 2.2492024800158106 -7.984981439221883 -0.0007944436219986528 -193.55324940988794 -20.558732976496685 0.0 0.0 0.0 0.0 0.0 0.0; -6.311438410193659 -11.399619943404105 -1.2832421089115087 213.75750042352593 37.29203326656716 -1.7272093282372225 260.23427984910086 2029.8362302855821 -102.43722606901429 -8.007945762074087 48.29303697988507 -676.2596278531419 41.82389844572754 -760.4394623558619 -476.1958274139033 -48.58489732214366 6992.889909597579 3446.5936475135095 -288.6301012040349 243.35656884431955 8.497065591654973 -134.2466912137752 12412.323135449697 79.09359781478997 72.80172381797456 17.961348112294218 -0.06282829417614266 86.39344872790389 35.45397932612104 0.0 0.0 0.0 0.0 0.0 0.0; 91.71977135338238 2.4441273126285523 1.522674792795442 0.6174789996293839 13.442771796690067 -0.11313277354929596 -0.6443157326430082 -2.7090489311376587 7.317068229895085 4.909934377792524 1.5952104149619117 27.001863909390522 1.643897976464359 20.320809435361298 -71.09988291631453 -1.7243312868231442 35.75483029635507 196.23552609118633 -16.032406674639788 2.603691718832124 -2.3307720402954146 -3.3779793557187077 79.09359781478997 2058.6612905026414 -0.22498858015751466 -6.45758334940183 -0.003071490937145427 17.89348891179543 -31.21324803942116 0.0 0.0 0.0 0.0 0.0 0.0; 4.679100675275549 1.9150859588989988 11.84033751997049 -22.76451839861693 145.21602857712423 5.639566388708772 -5.044164900027681 14.212136720743729 -81.35483541991562 0.19150425941916183 57.451507746009156 -2301.764991880191 66.03175630516489 -2453.7565916762105 4095.9939308413595 103.25963632567436 25.270339283451904 -167.72148796007968 19.752132557186997 -37.930295038677286 67.77552138373721 2.2492024800158106 72.80172381797456 -0.22498858015751466 9774.168196490791 6.725897728756536 -0.0023049869923852384 -139.75271578601678 235.49031735456083 0.0 0.0 0.0 0.0 0.0 0.0; -20.0917900474451 -0.2557992593210656 -0.8959045953815803 -6.706071926600998 19.641712078737328 -0.7382730109384283 -5.986880678392481 16.72002108534798 25.033954916580115 14.32742239558138 5.824312574986834 -143.72182113220333 4.958544777764473 -144.42069064898533 35.532551428332226 12.020466238027439 -15.893362342467299 -32.88832716862089 386.08154174653464 -5.654321048496058 -0.7211270894913469 -7.984981439221883 17.961348112294218 -6.45758334940183 6.725897728756536 478.521242239367 0.30036166208446957 -6.811693929194007 -3.4643345497897826 0.0 0.0 0.0 0.0 0.0 0.0; -0.011799038475146517 -0.0023274515115190297 -0.0011216434359084815 -0.023491738829761744 -0.012134005373809487 -0.0002830711309798062 -0.0037846075429115444 0.020871466404059902 0.011158008419442922 0.017095608200179413 0.0038118560041766614 -0.10072204531752504 0.003406094037927687 -0.0964590253715869 0.055895598052302375 0.016621906979708 -0.010070216376334429 0.012241143849678338 0.18690288925427012 -0.002646429493324831 -0.0030190494726412 -0.0007944436219986528 -0.06282829417614266 -0.003071490937145427 -0.0023049869923852384 0.30036166208446957 -0.24154911443474703 -0.02044838765868917 -0.025743374862940982 0.0 0.0 0.0 0.0 0.0 0.0; -214.19522094220156 911.5635781199671 141.90284407959552 10184.106443066412 56.390057725366205 -24.054501809587236 37.38727580639534 74.72419478290249 2366.3320860941894 0.3238483259337954 77.78148350553238 -176.2346285431704 56.70674070643145 -228.59055359731428 -985.4608048954105 -3997.51821792961 230.136176051019 1130.0809261774702 207.0627114881063 5166.460754062427 -20.077910867257742 -193.55324940988794 86.39344872790389 17.89348891179543 -139.75271578601678 -6.811693929194007 -0.02044838765868917 9014.943399324693 -973.9274555067823 0.0 0.0 0.0 0.0 0.0 0.0; -28.1744817038998 14.31568856787635 639.3365481198998 -111.7009375411726 4759.6638299000915 -5.827278491778998 7.7454865277104545 -142.6789563811326 844.5317976838851 4.719487897091312 35.01191788018332 638.0484763940331 9.885630952339852 673.1282369401015 -3501.5993730849004 -691.217538278579 579.0064263237582 -1365.0153993330605 175.4094755233382 -263.44276397139765 6108.709627187636 -20.558732976496685 35.45397932612104 -31.21324803942116 235.49031735456083 -3.4643345497897826 -0.025743374862940982 -973.9274555067823 30129.74037150343 0.0 0.0 0.0 0.0 0.0 0.0; 0.0 0.0 0.0 0.0 0.0 0.0 0.0 0.0 0.0 0.0 0.0 0.0 0.0 0.0 0.0 0.0 0.0 0.0 0.0 0.0 0.0 0.0 0.0 0.0 0.0 0.0 0.0 0.0 0.0 0.0 0.0 0.0 0.0 0.0 0.0; 0.0 0.0 0.0 0.0 0.0 0.0 0.0 0.0 0.0 0.0 0.0 0.0 0.0 0.0 0.0 0.0 0.0 0.0 0.0 0.0 0.0 0.0 0.0 0.0 0.0 0.0 0.0 0.0 0.0 0.0 0.0 0.0 0.0 0.0 0.0; 0.0 0.0 0.0 0.0 0.0 0.0 0.0 0.0 0.0 0.0 0.0 0.0 0.0 0.0 0.0 0.0 0.0 0.0 0.0 0.0 0.0 0.0 0.0 0.0 0.0 0.0 0.0 0.0 0.0 0.0 0.0 0.0 0.0 0.0 0.0; 0.0 0.0 0.0 0.0 0.0 0.0 0.0 0.0 0.0 0.0 0.0 0.0 0.0 0.0 0.0 0.0 0.0 0.0 0.0 0.0 0.0 0.0 0.0 0.0 0.0 0.0 0.0 0.0 0.0 0.0 0.0 0.0 0.0 0.0 0.0; 0.0 0.0 0.0 0.0 0.0 0.0 0.0 0.0 0.0 0.0 0.0 0.0 0.0 0.0 0.0 0.0 0.0 0.0 0.0 0.0 0.0 0.0 0.0 0.0 0.0 0.0 0.0 0.0 0.0 0.0 0.0 0.0 0.0 0.0 0.0; 0.0 0.0 0.0 0.0 0.0 0.0 0.0 0.0 0.0 0.0 0.0 0.0 0.0 0.0 0.0 0.0 0.0 0.0 0.0 0.0 0.0 0.0 0.0 0.0 0.0 0.0 0.0 0.0 0.0 0.0 0.0 0.0 0.0 0.0 0.0]

    # d = diag(H)
    # negdiag = d .< 0
    # Σ = copy(H)
    # # make it upper triangular
    # Σ = zeros(size(H))
    # for i ∈ 1:29
    #     for j ∈ 1:29
    #         # if j == i
    #         #     Σ[i,j] = abs.(H[i,j])
    #         # else
    #         if j >= i
    #             Σ[i,j] = H[i,j]
    #         end
    #     end
    # end
    # display(Σ)
    # # display(Symmetric(Σ))
    # Σ⁻¹ = inv(Symmetric(Σ[1:29,1:29]))
    # for i ∈ 1:29
    #     if Σ⁻¹[i,i] < 0
    #         Σ⁻¹[i,i] = abs(Σ⁻¹[i,i])
    #     end
    # end
    # isposdef(Σ⁻¹)
    # if !isposdef(Σ⁻¹)
    #     Σ⁻¹ = make_psd(Σ⁻¹)
    # end

    utriH = UpperTriangular(H[1:29,1:29])
    Σ⁻¹ = inv(utriH)
    # Symmetric(inv(utriH))
    
    Σ⁻¹ = [Σ⁻¹ zeros(29,6)
           zeros(6,29) I(6)]
    return Symmetric(Σ⁻¹)

end

function get_hessian_dfm(::Val{:SW})
